========================================
학번   국어   영어   수학   총점   평균
----------------------------------------
00001      92      82      80 
00002      78      57      91 
00003      96      66      58 
00004      64      72      64 
00005      73      75      76 
00006      58      73      68 
00007      51      74      79 
00008      96      73      80 
00009      56      64      83 
00010      63      93      74 
00011      99      98      87 
00012      78      89      67 
00013      70      81      74 
00014      99      63      59 
00015      70      76      84 
00016      81      76      65 
00017      72      54      94 
00018      69      97      69 
00019      91      90      82 
00020      80      87      90 
00021      77      75      97 
00022      81      68      84 
00023      59      78     100 
00024      58      89      95 
00025      95      76      74 
00026      96      58      89 
00027      79     100      85 
00028      74      61      79 
00029      63      72      59 
00030      63      68      81 
00031      68      71      71 
00032      78      54      68 
00033      55      72      68 
00034      53      93      72 
00035      58      77      88 
00036      65      92      96 
00037      54      67      59 
00038      93      98      96 
00039      90      72      83 
00040      75      81      85 
00041      62      79      98 
00042      97      66      60 
00043      60      78      91 
00044      65      50      87 
00045      83      87      76 
00046      79      66      97 
00047      95      80      80 
00048      89      51      72 
00049      62      91      52 
00050      65      58      89 
00051      96      85      52 
00052      86      83      93 
00053      83      63      74 
00054      79      51      55 
00055      55      77      50 
00056      97      83      86 
00057      95      88      60 
00058      63      90      67 
00059      62      79      78 
00060      73      50      61 
00061      78      64      91 
00062      66      56      72 
00063      99      83      53 
00064      59      68      75 
00065      79      73      58 
00066      56      92      63 
00067      52      90      91 
00068      95      83      56 
00069     100      56      99 
00070      86      58      63 
00071      57      56      67 
00072      58      68      93 
00073      63      92      75 
00074      53      57      87 
00075      94      65      60 
00076      78      95      78 
00077      53      58      98 
00078      61      58      65 
00079      90      69      58 
00080      63      59      79 
00081      95      99      80 
00082      56      55      62 
00083      73      85      50 
00084      64      96      91 
00085      84      88      97 
00086      51      87      59 
00087      50      56      77 
00088      77      71      78 
00089      74      55      76 
00090      75      85      69 
00091      86      62      88 
00092      74      82      54 
00093     100      88      91 
00094      87      99      78 
00095      65      75      95 
00096      67      56      73 
00097      57      51      63 
00098      87      59      50 
00099      50      68      96 
00100      57      99      87 
